score:91.70635986328125, acc1:76.56, acc5:94.5, val_loss:0.8209, /home/runhua/sew_pretrain/output/train/20231102-004706-sew34(from_cifar10_train)_cifar100_sgd_lr_1e-1_wd5e-4_300epoch_smoothing_0_mixup_0.1_T4_1_1_1_1_epoch_200_aa_rand-m11-n3/sew34(from_cifar10_train)_cifar100_sgd_lr_1e-1_wd5e-4_300epoch_smoothing_0_mixup_0.1_T4_1_1_1_1_epoch_200_aa_rand-m11-n3_199.pt
score:90.49552154541016, acc1:76.77, acc5:94.82, val_loss:0.8163, /home/runhua/sew_pretrain/output/train/20231102-005308-sew34(from_cifar10_train)_cifar100_sgd_lr_1e-1_wd5e-4_300epoch_smoothing_0_mixup_0.1_T4_1_1_1_1_epoch_200_aa_rand-m11-n3_re_prob_0.25/sew34(from_cifar10_train)_cifar100_sgd_lr_1e-1_wd5e-4_300epoch_smoothing_0_mixup_0.1_T4_1_1_1_1_epoch_200_aa_rand-m11-n3_re_prob_0.25_199.pt
score:87.70260620117188, acc1:75.9, acc5:94.26, val_loss:0.9367, /home/runhua/sew_pretrain/output/train/20231102-005219-sew34(from_cifar10_train)_cifar100_sgd_lr_1e-1_wd5e-4_300epoch_smoothing_0.1_mixup_0_T4_1_1_1_1_epoch_200_aa_rand-m11-n3_re_prob_0.25/sew34(from_cifar10_train)_cifar100_sgd_lr_1e-1_wd5e-4_300epoch_smoothing_0.1_mixup_0_T4_1_1_1_1_epoch_200_aa_rand-m11-n3_re_prob_0.25_199.pt
score:95.9754638671875, acc1:77.01, acc5:94.4, val_loss:0.9554, /home/runhua/1215/finetune/output/train/20231216-203554-sew34(from_cifar10_train)_cifar100_sgd_lr_1e-1_wd5e-4_300epoch_smoothing_0.1_mixup_0.1_T4_1_1_1_1_epoch_200_aa_m5_n2/sew34(from_cifar10_train)_cifar100_sgd_lr_1e-1_wd5e-4_300epoch_smoothing_0.1_mixup_0.1_T4_1_1_1_1_epoch_200_aa_m5_n2_198.pt
score:93.32321166992188, acc1:77.37, acc5:94.78, val_loss:0.8905, /home/runhua/1215/finetune/output/train/20231217-000342-sew34(from_cifar10_train)_cifar100_sgd_lr_1e-1_wd5e-4_300epoch_smoothing_0.1_mixup_0.1_T4_1_1_1_1_epoch_200_aa_m10_n7_repro_0.25_trans2/sew34(from_cifar10_train)_cifar100_sgd_lr_1e-1_wd5e-4_300epoch_smoothing_0.1_mixup_0.1_T4_1_1_1_1_epoch_200_aa_m10_n7_repro_0.25_trans2_199.pt
score:93.4115219116211, acc1:77.29, acc5:94.69, val_loss:0.8191, /home/runhua/1215/finetune/output/train/20231217-000415-sew34(from_cifar10_train)_cifar100_sgd_lr_1e-1_wd5e-4_300epoch_smoothing_0_mixup_0.1_T4_1_1_1_1_epoch_200_aa_m10_n7_repro_0.25_trans2/sew34(from_cifar10_train)_cifar100_sgd_lr_1e-1_wd5e-4_300epoch_smoothing_0_mixup_0.1_T4_1_1_1_1_epoch_200_aa_m10_n7_repro_0.25_trans2_198.pt
ensemble_top1: 81.92
ensemble_top5: 96.81
ensemble_eval_loss: 2.3187
wa_top1: 3.12
wa_top5: 12.61
wa_eval_loss: 4.497
ensemble_top1_sm: 81.87
ensemble_top5_sm: 96.49
ensemble_eval_loss_sm: 0
