score:99.90009307861328, acc1:76.59, acc5:93.61, val_loss:1.1369, /home/runhua/1129/sew_pretrain/output/train/20231022-144223-sew34_cifar100_sgd_lr_1e-1_sm_0_wd5e-4_300epoch_T4_10_1_1_1/sew34_cifar100_sgd_lr_1e-1_sm_0_wd5e-4_300epoch_T4_10_1_1_1_299.pt
score:99.92007446289062, acc1:76.83, acc5:93.54, val_loss:1.0834, /home/runhua/1129/sew_pretrain/output/train/20231022-161238-sew34_cifar100_sgd_lr_1e-1_sm_0_wd5e-4_300epoch_T4_1_10_1_1/sew34_cifar100_sgd_lr_1e-1_sm_0_wd5e-4_300epoch_T4_1_10_1_1_299.pt
score:99.94005584716797, acc1:75.97, acc5:93.31, val_loss:1.1133, /home/runhua/1129/sew_pretrain/output/train/20231022-161634-sew34_cifar100_sgd_lr_1e-1_sm_0_wd5e-4_300epoch_T4_1_1_10_1/sew34_cifar100_sgd_lr_1e-1_sm_0_wd5e-4_300epoch_T4_1_1_10_1_299.pt
score:99.93805694580078, acc1:75.78, acc5:93.24, val_loss:1.0734, /home/runhua/1129/sew_pretrain/output/train/20231023-120241-sew34_cifar100_sgd_lr_1e-1_sm_0_wd5e-4_300epoch_T4_1_1_1_10/sew34_cifar100_sgd_lr_1e-1_sm_0_wd5e-4_300epoch_T4_1_1_1_10_299.pt
score:99.8861083984375, acc1:76.69, acc5:93.26, val_loss:1.0221, /home/runhua/1129/sew_pretrain/output/train/20231025-121643-sew34_cifar100_sgd_lr_1e-1_sm_0_wd5e-4_300epoch_T4_1_1_1_50/sew34_cifar100_sgd_lr_1e-1_sm_0_wd5e-4_300epoch_T4_1_1_1_50_299.pt
score:99.924072265625, acc1:76.07, acc5:93.24, val_loss:1.0323, /home/runhua/1129/sew_pretrain/output/train/20231025-122000-sew34_cifar100_sgd_lr_1e-1_sm_0_wd5e-4_300epoch_T4_1_1_50_1/sew34_cifar100_sgd_lr_1e-1_sm_0_wd5e-4_300epoch_T4_1_1_50_1_299.pt
score:99.85614013671875, acc1:76.24, acc5:93.4, val_loss:1.0041, /home/runhua/1129/sew_pretrain/output/train/20231025-122114-sew34_cifar100_sgd_lr_1e-1_sm_0_wd5e-4_300epoch_T4_1_50_1_1/sew34_cifar100_sgd_lr_1e-1_sm_0_wd5e-4_300epoch_T4_1_50_1_1_299.pt
score:99.05890655517578, acc1:74.43, acc5:92.48, val_loss:1.1003, /home/runhua/1129/sew_pretrain/output/train/20231025-122227-sew34_cifar100_sgd_lr_1e-1_sm_0_wd5e-4_300epoch_T4_50_1_1_1/sew34_cifar100_sgd_lr_1e-1_sm_0_wd5e-4_300epoch_T4_50_1_1_1_299.pt
ensemble_top1: 80.93
ensemble_top5: 95.98
ensemble_eval_loss: 2.3003
wa_top1: 0.78
wa_top5: 4.57
wa_eval_loss: 4.6057
ensemble_top1_sm: 80.97
ensemble_top5_sm: 95.64
ensemble_eval_loss_sm: 0
